aruco_markers = [
[31.255, 10.016, 0.906, 1.571, 0.0, -3.919], 
[48.573, 10.562, 0.636, 1.571, -0.0, -2.805], 
[64.838, 8.825, 10.96, 1.571, -0.0, -2.302], 
[49.532, 24.617, 11.186, 1.571, -0.0, -3.938], 
[53.478, 53.925, 1.185, 1.571, -0.0, -3.098], 
[26.335, 10.711, 1.231, 1.571, -0.0, -2.349], 
[41.135, 9.422, 15.41, 1.571, -0.0, -0.242], 
[49.575, 30.719, 6.888, 1.571, -0.0, -0.684], 
[35.896, 30.417, 2.488, 1.571, -0.0, -2.251], 
[44.137, 44.614, 4.143, 1.571, -0.0, -1.542], 
[64.366, 30.728, 1.738, 1.571, -0.0, -0.788], 
[56.831, 16.805, 0.669, 1.571, -0.0, -3.121], 
[37.308, 23.746, 11.179, 1.571, -0.0, -1.649], 
[48.009, 51.804, 2.508, 1.565, 0.0, 0.059], 
[32.702, 48.371, 2.863, 1.571, -0.0, -0.782]
]